a<-10+20
a

s<-25-10
s

d=100/20
d

m=13*8
m

p=12^2
p

mov="Hello"
mov
